Rango de estimación del modelo: 1 - 30
Desviación típica de la regresión = 5788.32

         Salary     Estimada      residuo

 1     39343.00     36187.16      3155.84
 2     46205.00     38077.15      8127.85
 3     37731.00     39967.14     -2236.14
 4     43525.00     44692.12     -1167.12
 5     39891.00     46582.12     -6691.12
 6     56642.00     53197.09      3444.91
 7     60150.00     54142.09      6007.91
 8     54445.00     56032.08     -1587.08
 9     64445.00     56032.08      8412.92
10     57189.00     60757.06     -3568.06
11     63218.00     62647.05       570.95
12     55794.00     63592.05     -7798.05
13     56957.00     63592.05     -6635.05
14     57081.00     64537.05     -7456.05
15     61111.00     68317.03     -7206.03
16     67938.00     72097.02     -4159.02
17     66029.00     73987.01     -7958.01
18     83088.00     75877.00      7211.00
19     81363.00     81546.98      -183.98
20     93940.00     82491.97     11448.03
21     91738.00     90051.94      1686.06
22     98273.00     92886.93      5386.07
23    101302.00    100446.90       855.10
24    113812.00    103281.89     10530.11
25    109431.00    108006.87      1424.13
26    105582.00    110841.86     -5259.86
27    116969.00    115566.84      1402.16
28    112635.00    116511.84     -3876.84
29    122391.00    123126.81      -735.81
30    121872.00    125016.80     -3144.80

  Estadísticos de evaluación de la predicción tilizando 30 observaciones

  Error medio                           6.0633e-012
  Raíz del Error cuadrático medio       5592
  Error absoluto medio                  4644.2
  Porcentaje de error medio            -0.62002
  Porcentaje de error absoluto medio    7.048
  U de Theil                            0.69692
